function lu=Boundary(D)
lu = zeros(2,D);
lu(1,1) = 0;lu(2,1) = 2;
lu(1,2) = 0;lu(2,2) = 2;
lu(1,3) = 0;lu(2,3) = 2;
lu(1,4) = 0;lu(2,4) = 2;
lu(1,5) = 1;lu(2,5) = 9;
lu(1,6) = 1;lu(2,6) = 4;

lu(1,7) = 0;lu(2,7) = 2;
lu(1,8) = 0;lu(2,8) = 2;
lu(1,9) = 0;lu(2,9) = 2;
lu(1,10) = 0;lu(2,10) = 2;
lu(1,11) = 1;lu(2,11) = 9;
lu(1,12) = 1;lu(2,12) = 4;

lu(1,13) = 0;lu(2,13) = 2;
lu(1,14) = 0;lu(2,14) = 2;
lu(1,15) = 0;lu(2,15) = 2;
lu(1,16) = 0;lu(2,16) = 2;
lu(1,17) = 1;lu(2,17) = 9;
lu(1,18) = 1;lu(2,18) = 4;
end